time,left_s0,left_s1,left_e0,left_e1,left_w0,left_w1,left_w2,left_gripper,right_s0,right_s1,right_e0,right_e1,right_w0,right_w1,right_w2,right_gripper
0.852286,-0.393466072093,-0.584830175381,0.360485485153,2.15677698777,0.783097192216,-1.57079632679,-0.218975757471,2.86624193192,0.285320426547,-0.635451541382,-0.176791285804,2.28179642198,-0.744747672518,-1.57117982199,-0.103543703182,2.81425881386
0.852383,-0.393466072093,-0.584830175381,0.360485485153,2.15677698777,0.783097192216,-1.57079632679,-0.218975757471,2.86624193192,0.285320426547,-0.635451541382,-0.176791285804,2.28179642198,-0.744747672518,-1.57117982199,-0.103543703182,2.81425881386
0.862470,-0.393466072093,-0.585213670578,0.361252475547,2.15639349257,0.782330201822,-1.5704128316,-0.219359252668,2.86624193192,0.285320426547,-0.635835036579,-0.176407790607,2.28141292678,-0.743980682124,-1.57079632679,-0.103927198379,2.81425881386
0.872474,-0.393466072093,-0.584830175381,0.360485485153,2.15754397816,0.782713697019,-1.57079632679,-0.219359252668,2.86624193192,0.285320426547,-0.634301055791,-0.176791285804,2.28217991718,-0.74206320614,-1.5704128316,-0.103543703182,2.81425881386
0.882515,-0.393466072093,-0.585213670578,0.360485485153,2.15754397816,0.782713697019,-1.57079632679,-0.218975757471,2.86624193192,0.285320426547,-0.635451541382,-0.176407790607,2.28179642198,-0.74321369173,-1.57079632679,-0.103927198379,2.81425881386
0.892477,-0.393466072093,-0.584830175381,0.360485485153,2.15716048296,0.783097192216,-1.5704128316,-0.219359252668,2.86624193192,0.28493693135,-0.634684550988,-0.176791285804,2.28141292678,-0.742830196534,-1.57079632679,-0.104310693576,2.81425881386
0.902485,-0.394233062487,-0.584830175381,0.360485485153,2.15716048296,0.783480687412,-1.57156331719,-0.218208767077,2.86624193192,0.28493693135,-0.634301055791,-0.177558276198,2.28141292678,-0.743980682124,-1.57079632679,-0.103927198379,2.81425881386
0.912503,-0.394233062487,-0.584446680184,0.360485485153,2.15716048296,0.783864182609,-1.57079632679,-0.218975757471,2.86624193192,0.284553436153,-0.635068046185,-0.177174781001,2.28102943159,-0.744364177321,-1.5704128316,-0.104310693576,2.81425881386
0.922578,-0.39384956729,-0.584446680184,0.36086898035,2.15677698777,0.783480687412,-1.57117982199,-0.21782527188,2.86624193192,0.28493693135,-0.635068046185,-0.177174781001,2.28064593639,-0.742830196534,-1.5704128316,-0.103160207985,2.81425881386
0.932473,-0.394233062487,-0.585213670578,0.360101989956,2.15754397816,0.783480687412,-1.57079632679,-0.218208767077,2.86624193192,0.284553436153,-0.635451541382,-0.177174781001,2.28179642198,-0.744364177321,-1.57079632679,-0.103160207985,2.81425881386
0.942488,-0.394233062487,-0.584830175381,0.360485485153,2.15716048296,0.783097192216,-1.57117982199,-0.219359252668,2.86624193192,0.28493693135,-0.635068046185,-0.176791285804,2.28141292678,-0.742446701337,-1.5704128316,-0.104310693576,2.81425881386
0.952472,-0.39384956729,-0.584830175381,0.360485485153,2.15754397816,0.783480687412,-1.57117982199,-0.219359252668,2.86624193192,0.28493693135,-0.635451541382,-0.177174781001,2.28179642198,-0.743597186927,-1.5704128316,-0.104310693576,2.81425881386
0.962504,-0.39384956729,-0.584830175381,0.36086898035,2.15754397816,0.783480687412,-1.57117982199,-0.218975757471,2.86624193192,0.28493693135,-0.635451541382,-0.177558276198,2.28179642198,-0.74321369173,-1.57117982199,-0.104310693576,2.81425881386
0.972743,-0.394616557684,-0.585213670578,0.359718494759,2.15716048296,0.783480687412,-1.5704128316,-0.218592262274,2.86624193192,0.285320426547,-0.635451541382,-0.176791285804,2.28102943159,-0.743980682124,-1.57079632679,-0.103543703182,2.81425881386
0.982548,-0.394616557684,-0.584830175381,0.360101989956,2.15677698777,0.782713697019,-1.5704128316,-0.218975757471,2.86624193192,0.285320426547,-0.635451541382,-0.176791285804,2.28256341237,-0.74321369173,-1.57117982199,-0.104694188773,2.81425881386
0.992434,-0.394616557684,-0.584830175381,0.36086898035,2.15677698777,0.782713697019,-1.5700293364,-0.218592262274,2.86624193192,0.284553436153,-0.635068046185,-0.177174781001,2.28179642198,-0.744364177321,-1.5704128316,-0.104310693576,2.81425881386
1.002489,-0.39384956729,-0.58367968979,0.36086898035,2.15754397816,0.783480687412,-1.57079632679,-0.218592262274,2.86624193192,0.285320426547,-0.635068046185,-0.177174781001,2.28141292678,-0.743597186927,-1.57079632679,-0.103927198379,2.81425881386
1.012713,-0.393466072093,-0.584830175381,0.360485485153,2.15716048296,0.782713697019,-1.57079632679,-0.218975757471,2.86624193192,0.284553436153,-0.635068046185,-0.176791285804,2.28179642198,-0.743597186927,-1.5704128316,-0.103927198379,2.81425881386
1.022537,-0.394233062487,-0.584830175381,0.360485485153,2.15754397816,0.782713697019,-1.57117982199,-0.219359252668,2.86624193192,0.28493693135,-0.635835036579,-0.177174781001,2.28141292678,-0.743980682124,-1.5704128316,-0.104310693576,2.81425881386
1.032513,-0.394233062487,-0.585213670578,0.360485485153,2.15716048296,0.783097192216,-1.57079632679,-0.220126243062,2.86624193192,0.28493693135,-0.635451541382,-0.177174781001,2.28217991718,-0.742446701337,-1.57117982199,-0.103927198379,2.81425881386
1.042536,-0.39384956729,-0.584830175381,0.360485485153,2.15716048296,0.783097192216,-1.57079632679,-0.219359252668,2.86624193192,0.285320426547,-0.635451541382,-0.177174781001,2.28179642198,-0.74321369173,-1.5704128316,-0.104310693576,2.81425881386
1.052468,-0.39384956729,-0.584063184987,0.360101989956,2.15754397816,0.783097192216,-1.57079632679,-0.218975757471,2.86624193192,0.28493693135,-0.635068046185,-0.177941771395,2.28179642198,-0.743597186927,-1.57079632679,-0.104310693576,2.81425881386
1.062550,-0.393466072093,-0.584830175381,0.36086898035,2.15716048296,0.783864182609,-1.57117982199,-0.219742747865,2.86624193192,0.284553436153,-0.635068046185,-0.177174781001,2.28179642198,-0.743597186927,-1.57079632679,-0.103543703182,2.81425881386
1.072471,-0.393466072093,-0.585213670578,0.360485485153,2.15639349257,0.782713697019,-1.57117982199,-0.218975757471,2.86624193192,0.284553436153,-0.635451541382,-0.176791285804,2.28141292678,-0.742446701337,-1.57079632679,-0.103927198379,2.81425881386
1.082552,-0.393466072093,-0.585213670578,0.361252475547,2.15716048296,0.783864182609,-1.57079632679,-0.218592262274,2.86624193192,0.28493693135,-0.635451541382,-0.177174781001,2.28102943159,-0.743597186927,-1.57079632679,-0.103543703182,2.81425881386
1.092524,-0.39384956729,-0.584063184987,0.360101989956,2.15754397816,0.783097192216,-1.5700293364,-0.219359252668,2.86624193192,0.284553436153,-0.635068046185,-0.177558276198,2.28141292678,-0.743980682124,-1.57117982199,-0.103927198379,2.81425881386
1.102519,-0.39384956729,-0.585213670578,0.360485485153,2.15677698777,0.783480687412,-1.57079632679,-0.21782527188,2.86624193192,0.28493693135,-0.634684550988,-0.177174781001,2.28141292678,-0.74321369173,-1.57079632679,-0.104694188773,2.81425881386
1.112479,-0.39384956729,-0.584830175381,0.361252475547,2.15716048296,0.782330201822,-1.57117982199,-0.219359252668,2.86624193192,0.285320426547,-0.635068046185,-0.177174781001,2.28141292678,-0.744364177321,-1.57079632679,-0.104310693576,2.81425881386
1.122474,-0.39384956729,-0.584446680184,0.360485485153,2.15716048296,0.783097192216,-1.57079632679,-0.219359252668,2.86624193192,0.285320426547,-0.635068046185,-0.17602429541,2.28141292678,-0.743597186927,-1.5704128316,-0.103160207985,2.81425881386
1.132464,-0.393466072093,-0.584446680184,0.360485485153,2.15792747336,0.783097192216,-1.57079632679,-0.219359252668,2.86624193192,0.285320426547,-0.635451541382,-0.176791285804,2.28217991718,-0.743980682124,-1.57079632679,-0.104310693576,2.81425881386
1.142504,-0.394233062487,-0.584446680184,0.36086898035,2.15754397816,0.783864182609,-1.57079632679,-0.217058281486,2.86624193192,0.28493693135,-0.635451541382,-0.176791285804,2.28179642198,-0.743597186927,-1.5704128316,-0.103927198379,2.81425881386
1.152506,-0.393466072093,-0.584063184987,0.361252475547,2.15677698777,0.783480687412,-1.5700293364,-0.219742747865,2.86624193192,0.28493693135,-0.635068046185,-0.177174781001,2.28141292678,-0.74321369173,-1.5704128316,-0.104694188773,2.81425881386
1.162467,-0.393466072093,-0.584446680184,0.359718494759,2.15716048296,0.783480687412,-1.5704128316,-0.219359252668,2.86624193192,0.28493693135,-0.635068046185,-0.177174781001,2.28102943159,-0.743980682124,-1.57117982199,-0.104694188773,2.81425881386
1.172474,-0.394233062487,-0.585213670578,0.36086898035,2.15677698777,0.783480687412,-1.5704128316,-0.218208767077,2.86624193192,0.285320426547,-0.635068046185,-0.177558276198,2.28102943159,-0.743980682124,-1.57079632679,-0.104310693576,2.81425881386
1.182505,-0.394233062487,-0.584063184987,0.360485485153,2.15754397816,0.783864182609,-1.5704128316,-0.220126243062,2.86624193192,0.284553436153,-0.635068046185,-0.177174781001,2.28141292678,-0.742830196534,-1.5704128316,-0.104310693576,2.81425881386
1.192521,-0.394233062487,-0.584063184987,0.36086898035,2.15677698777,0.783480687412,-1.57117982199,-0.219359252668,2.86624193192,0.28493693135,-0.634684550988,-0.177174781001,2.28141292678,-0.743980682124,-1.57079632679,-0.103543703182,2.81425881386
1.202475,-0.39384956729,-0.585213670578,0.360101989956,2.15677698777,0.783097192216,-1.57079632679,-0.21782527188,2.86624193192,0.284553436153,-0.635068046185,-0.176791285804,2.28141292678,-0.743980682124,-1.57079632679,-0.103543703182,2.81425881386
1.212481,-0.394616557684,-0.584446680184,0.360485485153,2.15716048296,0.783480687412,-1.57117982199,-0.219742747865,2.86624193192,0.284553436153,-0.634684550988,-0.176407790607,2.28141292678,-0.743597186927,-1.57079632679,-0.104694188773,2.81425881386
1.222484,-0.394233062487,-0.585213670578,0.361252475547,2.15677698777,0.783480687412,-1.5704128316,-0.220509738259,2.86624193192,0.284553436153,-0.634684550988,-0.177558276198,2.28179642198,-0.743980682124,-1.57079632679,-0.102776712788,2.81425881386
1.232461,-0.394233062487,-0.584446680184,0.360101989956,2.15792747336,0.782713697019,-1.57079632679,-0.218592262274,2.86624193192,0.28493693135,-0.635068046185,-0.177174781001,2.28141292678,-0.743597186927,-1.57079632679,-0.103543703182,2.81425881386
1.242514,-0.39384956729,-0.585213670578,0.360101989956,2.15716048296,0.783480687412,-1.57079632679,-0.219359252668,2.86624193192,0.284169940956,-0.634684550988,-0.176791285804,2.28064593639,-0.743980682124,-1.57079632679,-0.103543703182,2.81425881386
1.252458,-0.393466072093,-0.584446680184,0.36086898035,2.15716048296,0.783864182609,-1.5704128316,-0.219742747865,2.86624193192,0.285320426547,-0.634684550988,-0.176791285804,2.28217991718,-0.742446701337,-1.57117982199,-0.104694188773,2.81425881386
1.262610,-0.393082576896,-0.585213670578,0.36086898035,2.15716048296,0.783097192216,-1.57117982199,-0.218975757471,2.86624193192,0.285320426547,-0.635068046185,-0.177558276198,2.28179642198,-0.743597186927,-1.57117982199,-0.103543703182,2.81425881386
1.272473,-0.39384956729,-0.584830175381,0.360485485153,2.15716048296,0.783864182609,-1.57117982199,-0.219359252668,2.86624193192,0.28493693135,-0.635068046185,-0.177174781001,2.28102943159,-0.74321369173,-1.57079632679,-0.103927198379,2.81425881386
1.282479,-0.39384956729,-0.584063184987,0.361252475547,2.15716048296,0.783097192216,-1.57117982199,-0.218208767077,2.86624193192,0.28493693135,-0.635068046185,-0.177174781001,2.28179642198,-0.74321369173,-1.57117982199,-0.104310693576,2.81425881386
1.292476,-0.394233062487,-0.584446680184,0.360485485153,2.15716048296,0.783480687412,-1.57079632679,-0.219359252668,2.86624193192,0.28493693135,-0.635835036579,-0.176791285804,2.28179642198,-0.743597186927,-1.5704128316,-0.103543703182,2.81425881386
1.302499,-0.39384956729,-0.584446680184,0.36086898035,2.15754397816,0.783097192216,-1.57079632679,-0.219742747865,2.86624193192,0.284553436153,-0.635451541382,-0.177174781001,2.28102943159,-0.744364177321,-1.57156331719,-0.104694188773,2.81425881386
1.312491,-0.394233062487,-0.584830175381,0.359718494759,2.15677698777,0.783097192216,-1.57079632679,-0.218975757471,2.86624193192,0.28493693135,-0.635068046185,-0.177174781001,2.28141292678,-0.743597186927,-1.57117982199,-0.104310693576,2.81425881386
1.322484,-0.39384956729,-0.584446680184,0.361252475547,2.15716048296,0.783097192216,-1.57079632679,-0.219359252668,2.86624193192,0.28493693135,-0.635068046185,-0.176791285804,2.28102943159,-0.742830196534,-1.57079632679,-0.103927198379,2.81425881386
1.332474,-0.393466072093,-0.584830175381,0.359718494759,2.15792747336,0.783097192216,-1.57117982199,-0.219359252668,2.86624193192,0.28493693135,-0.634684550988,-0.177174781001,2.28217991718,-0.743980682124,-1.57117982199,-0.103543703182,2.81425881386
1.342483,-0.39384956729,-0.584063184987,0.360101989956,2.15792747336,0.782713697019,-1.57079632679,-0.218592262274,2.86624193192,0.28493693135,-0.635068046185,-0.177558276198,2.28179642198,-0.74321369173,-1.57117982199,-0.103927198379,2.81425881386
1.352499,-0.39384956729,-0.584446680184,0.360485485153,2.15716048296,0.781946706625,-1.57156331719,-0.218208767077,2.86624193192,0.285320426547,-0.635451541382,-0.176791285804,2.28141292678,-0.743597186927,-1.57079632679,-0.103543703182,2.81425881386
1.362516,-0.39384956729,-0.584446680184,0.360101989956,2.15716048296,0.783097192216,-1.57117982199,-0.21782527188,2.86624193192,0.285320426547,-0.635068046185,-0.177174781001,2.28179642198,-0.74321369173,-1.57079632679,-0.104310693576,2.81425881386
1.372498,-0.393466072093,-0.584830175381,0.36086898035,2.15716048296,0.783480687412,-1.57117982199,-0.218975757471,2.86624193192,0.284553436153,-0.635068046185,-0.177174781001,2.28102943159,-0.743980682124,-1.57117982199,-0.103543703182,2.81425881386
1.382481,-0.394233062487,-0.584830175381,0.36086898035,2.15639349257,0.781946706625,-1.57079632679,-0.219742747865,2.86624193192,0.28493693135,-0.634301055791,-0.177174781001,2.28141292678,-0.743597186927,-1.57117982199,-0.10507768397,2.81425881386
1.392477,-0.394233062487,-0.585597165775,0.360101989956,2.15677698777,0.783097192216,-1.57117982199,-0.218592262274,2.86624193192,0.28493693135,-0.634684550988,-0.177174781001,2.28179642198,-0.74321369173,-1.57117982199,-0.104310693576,2.81425881386
1.402468,-0.39384956729,-0.584446680184,0.360101989956,2.15716048296,0.783097192216,-1.57079632679,-0.219359252668,2.86624193192,0.28493693135,-0.634684550988,-0.177174781001,2.28179642198,-0.743597186927,-1.57079632679,-0.103543703182,2.81425881386
1.412487,-0.39384956729,-0.584446680184,0.360485485153,2.15716048296,0.783097192216,-1.5704128316,-0.218208767077,2.86624193192,0.28493693135,-0.635068046185,-0.176791285804,2.28179642198,-0.74321369173,-1.57156331719,-0.103160207985,2.81425881386
1.422509,-0.394233062487,-0.584446680184,0.360485485153,2.15716048296,0.783480687412,-1.57156331719,-0.219359252668,2.86624193192,0.284553436153,-0.635451541382,-0.177174781001,2.28217991718,-0.743980682124,-1.5704128316,-0.104310693576,2.81425881386
1.432477,-0.393082576896,-0.584830175381,0.361252475547,2.15677698777,0.783480687412,-1.57079632679,-0.218592262274,2.86624193192,0.28493693135,-0.635451541382,-0.177174781001,2.28102943159,-0.74321369173,-1.5704128316,-0.102776712788,2.81425881386
1.442524,-0.39384956729,-0.584446680184,0.36086898035,2.15677698777,0.783097192216,-1.57117982199,-0.219742747865,2.86624193192,0.285320426547,-0.635068046185,-0.177174781001,2.28141292678,-0.743980682124,-1.57079632679,-0.104694188773,2.81425881386
1.452459,-0.39384956729,-0.584446680184,0.36086898035,2.15716048296,0.783097192216,-1.5704128316,-0.218208767077,2.86624193192,0.284553436153,-0.635068046185,-0.176791285804,2.28179642198,-0.743980682124,-1.57117982199,-0.103927198379,2.81425881386
1.462427,-0.394233062487,-0.585213670578,0.36086898035,2.15754397816,0.783480687412,-1.5700293364,-0.21782527188,2.86624193192,0.285320426547,-0.635068046185,-0.176791285804,2.28141292678,-0.743980682124,-1.5704128316,-0.103927198379,2.81425881386
1.472480,-0.39384956729,-0.585213670578,0.36086898035,2.15639349257,0.783097192216,-1.5704128316,-0.218592262274,2.86624193192,0.284553436153,-0.635451541382,-0.177558276198,2.28141292678,-0.743597186927,-1.57079632679,-0.104310693576,2.81425881386
1.482477,-0.39384956729,-0.585213670578,0.360485485153,2.15754397816,0.783480687412,-1.57079632679,-0.218975757471,2.86624193192,0.28493693135,-0.635068046185,-0.177558276198,2.28141292678,-0.743980682124,-1.57079632679,-0.103543703182,2.81425881386
1.492457,-0.393466072093,-0.585213670578,0.36086898035,2.15677698777,0.783480687412,-1.5704128316,-0.218592262274,2.86624193192,0.28493693135,-0.634684550988,-0.176791285804,2.28141292678,-0.743597186927,-1.57079632679,-0.103927198379,2.81425881386
1.502492,-0.393466072093,-0.584830175381,0.360485485153,2.15716048296,0.782713697019,-1.57079632679,-0.218592262274,2.86624193192,0.284169940956,-0.635451541382,-0.177174781001,2.28102943159,-0.74321369173,-1.57117982199,-0.104310693576,2.81425881386
1.512493,-0.393082576896,-0.585213670578,0.36086898035,2.15716048296,0.783097192216,-1.5704128316,-0.218208767077,2.86624193192,0.285320426547,-0.635068046185,-0.176791285804,2.28141292678,-0.743597186927,-1.57156331719,-0.103927198379,2.81425881386
1.522525,-0.39384956729,-0.584446680184,0.360485485153,2.15716048296,0.783097192216,-1.57156331719,-0.218208767077,2.86624193192,0.284169940956,-0.635068046185,-0.176791285804,2.28217991718,-0.744747672518,-1.57117982199,-0.104310693576,2.81425881386
1.532478,-0.39384956729,-0.584446680184,0.36086898035,2.15677698777,0.783864182609,-1.5700293364,-0.220126243062,2.86624193192,0.28493693135,-0.635068046185,-0.177174781001,2.28179642198,-0.743597186927,-1.57117982199,-0.104694188773,2.81425881386
1.542584,-0.39384956729,-0.584830175381,0.360485485153,2.15716048296,0.783864182609,-1.5700293364,-0.219742747865,2.86624193192,0.28493693135,-0.634684550988,-0.177174781001,2.28217991718,-0.743980682124,-1.5704128316,-0.103927198379,2.81425881386
1.552459,-0.394616557684,-0.584830175381,0.360485485153,2.15754397816,0.783480687412,-1.57156331719,-0.218975757471,2.86624193192,0.28493693135,-0.635451541382,-0.177174781001,2.28179642198,-0.74321369173,-1.57117982199,-0.103543703182,2.81425881386
1.562454,-0.393466072093,-0.584830175381,0.360485485153,2.15677698777,0.782713697019,-1.57117982199,-0.219359252668,2.86624193192,0.28493693135,-0.635068046185,-0.177174781001,2.28141292678,-0.74321369173,-1.57079632679,-0.103543703182,2.81425881386
1.572933,-0.39384956729,-0.584830175381,0.360485485153,2.15639349257,0.782713697019,-1.57079632679,-0.219742747865,2.86624193192,0.284553436153,-0.635451541382,-0.177174781001,2.28102943159,-0.743597186927,-1.57079632679,-0.104694188773,2.81425881386
1.582477,-0.39384956729,-0.584446680184,0.360485485153,2.15716048296,0.783097192216,-1.57079632679,-0.218975757471,2.86624193192,0.28493693135,-0.635068046185,-0.176791285804,2.28102943159,-0.74321369173,-1.57079632679,-0.103543703182,2.81425881386
1.592458,-0.39384956729,-0.585213670578,0.360101989956,2.15716048296,0.783480687412,-1.57079632679,-0.219359252668,2.86624193192,0.28493693135,-0.635068046185,-0.177941771395,2.28141292678,-0.74321369173,-1.57117982199,-0.102776712788,2.81425881386
1.602484,-0.393466072093,-0.584830175381,0.36086898035,2.15677698777,0.783097192216,-1.57117982199,-0.218592262274,2.86624193192,0.285703921744,-0.635068046185,-0.177558276198,2.28179642198,-0.743980682124,-1.57117982199,-0.103160207985,2.81425881386
1.612475,-0.393466072093,-0.584830175381,0.360485485153,2.15792747336,0.782713697019,-1.57079632679,-0.218592262274,2.86624193192,0.285320426547,-0.635068046185,-0.177174781001,2.28102943159,-0.743980682124,-1.57079632679,-0.103160207985,2.81425881386
1.622549,-0.39384956729,-0.585213670578,0.360485485153,2.15754397816,0.782713697019,-1.57079632679,-0.219359252668,2.86624193192,0.285320426547,-0.635451541382,-0.176407790607,2.28179642198,-0.74321369173,-1.57079632679,-0.103543703182,2.81425881386
1.632495,-0.393466072093,-0.584063184987,0.360101989956,2.15716048296,0.783097192216,-1.57079632679,-0.218208767077,2.86624193192,0.28493693135,-0.635068046185,-0.177558276198,2.28102943159,-0.742446701337,-1.57079632679,-0.103927198379,2.81425881386
1.642537,-0.394233062487,-0.584446680184,0.359718494759,2.15677698777,0.783480687412,-1.5704128316,-0.218592262274,2.86624193192,0.28493693135,-0.635451541382,-0.176791285804,2.28102943159,-0.743597186927,-1.57117982199,-0.104694188773,2.81425881386
1.652495,-0.394233062487,-0.584446680184,0.36086898035,2.15716048296,0.782713697019,-1.5704128316,-0.218975757471,2.86624193192,0.284553436153,-0.635451541382,-0.176407790607,2.28179642198,-0.743980682124,-1.5704128316,-0.103160207985,2.81425881386
1.662546,-0.393466072093,-0.584063184987,0.36086898035,2.15754397816,0.783864182609,-1.5704128316,-0.218975757471,2.86624193192,0.284553436153,-0.634684550988,-0.177174781001,2.28179642198,-0.743597186927,-1.57079632679,-0.103160207985,2.81425881386
1.672540,-0.393466072093,-0.584446680184,0.360101989956,2.15754397816,0.783480687412,-1.57079632679,-0.218592262274,2.86624193192,0.28493693135,-0.634684550988,-0.177174781001,2.28179642198,-0.743980682124,-1.57117982199,-0.103543703182,2.81425881386
1.682504,-0.39384956729,-0.584830175381,0.360101989956,2.15716048296,0.783480687412,-1.57079632679,-0.219359252668,2.86624193192,0.284553436153,-0.635068046185,-0.177174781001,2.28179642198,-0.742830196534,-1.57079632679,-0.102776712788,2.81425881386
1.692470,-0.394233062487,-0.584446680184,0.360101989956,2.15639349257,0.783480687412,-1.57079632679,-0.218975757471,2.86624193192,0.28493693135,-0.635451541382,-0.177174781001,2.28141292678,-0.74321369173,-1.57079632679,-0.103543703182,2.81425881386
1.702512,-0.393466072093,-0.584830175381,0.360485485153,2.15716048296,0.783097192216,-1.57079632679,-0.218975757471,2.86624193192,0.28493693135,-0.635451541382,-0.176791285804,2.28141292678,-0.74321369173,-1.57079632679,-0.103543703182,2.81425881386
1.712679,-0.39384956729,-0.584830175381,0.361252475547,2.15716048296,0.783480687412,-1.57117982199,-0.218592262274,2.86624193192,0.28493693135,-0.635068046185,-0.177174781001,2.28102943159,-0.743980682124,-1.57117982199,-0.102776712788,2.81425881386
1.722470,-0.393466072093,-0.584446680184,0.360101989956,2.15716048296,0.783097192216,-1.57117982199,-0.218592262274,2.86624193192,0.28493693135,-0.635068046185,-0.176791285804,2.28179642198,-0.74321369173,-1.57079632679,-0.103543703182,2.81425881386
1.732459,-0.394233062487,-0.584830175381,0.359718494759,2.15754397816,0.783480687412,-1.57117982199,-0.219359252668,2.86624193192,0.28493693135,-0.635068046185,-0.177558276198,2.28102943159,-0.742830196534,-1.5704128316,-0.103543703182,2.81425881386
1.742473,-0.394233062487,-0.584830175381,0.360485485153,2.15754397816,0.783097192216,-1.57156331719,-0.218975757471,2.86624193192,0.28493693135,-0.635835036579,-0.177174781001,2.28179642198,-0.743597186927,-1.5700293364,-0.103160207985,2.81425881386
1.752474,-0.39384956729,-0.584446680184,0.360101989956,2.15754397816,0.783864182609,-1.57117982199,-0.218975757471,2.86624193192,0.285320426547,-0.635451541382,-0.176791285804,2.28179642198,-0.743597186927,-1.5704128316,-0.103160207985,2.81425881386
1.762525,-0.394233062487,-0.584830175381,0.36086898035,2.15716048296,0.783480687412,-1.5704128316,-0.218975757471,2.86624193192,0.284553436153,-0.635451541382,-0.177174781001,2.28141292678,-0.743597186927,-1.57117982199,-0.104310693576,2.81425881386
1.772542,-0.394233062487,-0.585597165775,0.36086898035,2.15716048296,0.783480687412,-1.57079632679,-0.218592262274,2.86624193192,0.28493693135,-0.635451541382,-0.177174781001,2.28179642198,-0.744364177321,-1.57079632679,-0.104310693576,2.81425881386
1.782528,-0.39384956729,-0.584446680184,0.36086898035,2.15754397816,0.783480687412,-1.57156331719,-0.218592262274,2.86624193192,0.28493693135,-0.634684550988,-0.176791285804,2.28064593639,-0.743980682124,-1.5704128316,-0.103160207985,2.81425881386
1.792473,-0.39384956729,-0.584830175381,0.360485485153,2.15716048296,0.783097192216,-1.5704128316,-0.219742747865,2.86624193192,0.28493693135,-0.635068046185,-0.177174781001,2.28141292678,-0.743980682124,-1.57079632679,-0.103543703182,2.81425881386
1.802468,-0.39384956729,-0.584830175381,0.360485485153,2.15792747336,0.783480687412,-1.5704128316,-0.218592262274,2.86624193192,0.28493693135,-0.635068046185,-0.177174781001,2.28026244119,-0.743597186927,-1.5704128316,-0.103543703182,2.81425881386
1.812568,-0.39384956729,-0.584830175381,0.360485485153,2.15754397816,0.783097192216,-1.57117982199,-0.219359252668,2.86624193192,0.285320426547,-0.635068046185,-0.177558276198,2.28102943159,-0.74321369173,-1.57117982199,-0.103927198379,2.81425881386
1.822569,-0.393466072093,-0.585597165775,0.360101989956,2.15754397816,0.782713697019,-1.57079632679,-0.219359252668,2.86624193192,0.285320426547,-0.635068046185,-0.177174781001,2.28064593639,-0.742830196534,-1.5704128316,-0.104310693576,2.81425881386
1.832580,-0.392699081699,-0.584446680184,0.361252475547,2.15716048296,0.783480687412,-1.5704128316,-0.219742747865,2.86624193192,0.284553436153,-0.634684550988,-0.177941771395,2.28141292678,-0.743597186927,-1.57079632679,-0.103160207985,2.81425881386
1.842514,-0.394233062487,-0.584830175381,0.360101989956,2.15677698777,0.782713697019,-1.5704128316,-0.218592262274,2.86624193192,0.28493693135,-0.634684550988,-0.176791285804,2.28141292678,-0.743597186927,-1.57079632679,-0.103160207985,2.81425881386
1.852529,-0.39384956729,-0.585597165775,0.360101989956,2.15716048296,0.783097192216,-1.57079632679,-0.218592262274,2.86624193192,0.284553436153,-0.635068046185,-0.176791285804,2.28064593639,-0.74321369173,-1.57079632679,-0.104310693576,2.81425881386
1.862476,-0.394233062487,-0.584446680184,0.360485485153,2.15792747336,0.782713697019,-1.57117982199,-0.219359252668,2.86624193192,0.284553436153,-0.635451541382,-0.177174781001,2.27987894599,-0.743597186927,-1.5704128316,-0.103543703182,2.81425881386
1.872519,-0.394233062487,-0.584446680184,0.360485485153,2.15754397816,0.783097192216,-1.57117982199,-0.218592262274,2.86624193192,0.285320426547,-0.634684550988,-0.176791285804,2.28102943159,-0.743597186927,-1.5704128316,-0.103927198379,2.81425881386
1.882535,-0.393466072093,-0.584830175381,0.360485485153,2.15677698777,0.783480687412,-1.5704128316,-0.218592262274,2.86624193192,0.284553436153,-0.635068046185,-0.176791285804,2.28102943159,-0.743597186927,-1.57117982199,-0.103543703182,2.81425881386
1.892473,-0.393466072093,-0.585213670578,0.360101989956,2.15716048296,0.782713697019,-1.57079632679,-0.21782527188,2.86624193192,0.28493693135,-0.635068046185,-0.177174781001,2.28064593639,-0.74321369173,-1.57117982199,-0.103927198379,2.81425881386
1.902480,-0.394616557684,-0.585597165775,0.360485485153,2.15754397816,0.783097192216,-1.5704128316,-0.218592262274,2.86624193192,0.28493693135,-0.634684550988,-0.176791285804,2.28102943159,-0.74321369173,-1.57079632679,-0.103160207985,2.81425881386
1.912480,-0.39384956729,-0.584830175381,0.360101989956,2.15716048296,0.783097192216,-1.57117982199,-0.220126243062,2.86624193192,0.28493693135,-0.634684550988,-0.177558276198,2.28102943159,-0.744364177321,-1.57079632679,-0.103927198379,2.81425881386
1.922469,-0.394233062487,-0.584063184987,0.36086898035,2.15716048296,0.783480687412,-1.57079632679,-0.219359252668,2.86624193192,0.28493693135,-0.635068046185,-0.176791285804,2.28179642198,-0.743597186927,-1.57079632679,-0.103543703182,2.81425881386
1.932460,-0.394233062487,-0.584830175381,0.36086898035,2.15716048296,0.783097192216,-1.57079632679,-0.219359252668,2.86624193192,0.28493693135,-0.635068046185,-0.176791285804,2.28102943159,-0.743597186927,-1.57079632679,-0.103160207985,2.81425881386
1.942518,-0.39384956729,-0.585597165775,0.36086898035,2.15754397816,0.783097192216,-1.5704128316,-0.218975757471,2.86624193192,0.28493693135,-0.635068046185,-0.176791285804,2.28026244119,-0.742830196534,-1.57079632679,-0.103927198379,2.81425881386
1.952539,-0.393466072093,-0.584830175381,0.359718494759,2.15677698777,0.783864182609,-1.57079632679,-0.218975757471,2.86624193192,0.28493693135,-0.635068046185,-0.177558276198,2.28064593639,-0.742830196534,-1.57079632679,-0.103543703182,2.81425881386
1.962557,-0.393466072093,-0.585597165775,0.360485485153,2.15639349257,0.783097192216,-1.57117982199,-0.218208767077,2.86624193192,0.28493693135,-0.634684550988,-0.177558276198,2.28064593639,-0.743597186927,-1.57117982199,-0.103543703182,2.81425881386
1.972472,-0.393466072093,-0.584830175381,0.36086898035,2.15716048296,0.783480687412,-1.57117982199,-0.218208767077,2.86624193192,0.284553436153,-0.634684550988,-0.177558276198,2.28102943159,-0.743597186927,-1.57079632679,-0.103927198379,2.81425881386
1.982464,-0.393466072093,-0.585213670578,0.360101989956,2.15716048296,0.783097192216,-1.57079632679,-0.219359252668,2.86624193192,0.285320426547,-0.634684550988,-0.177558276198,2.28064593639,-0.74206320614,-1.5704128316,-0.104310693576,2.81425881386
1.992524,-0.39384956729,-0.584446680184,0.360485485153,2.15754397816,0.783480687412,-1.57117982199,-0.219742747865,2.86624193192,0.28493693135,-0.635451541382,-0.177174781001,2.27987894599,-0.743597186927,-1.57079632679,-0.104694188773,2.81425881386
2.002499,-0.39384956729,-0.584830175381,0.36086898035,2.15677698777,0.783480687412,-1.57117982199,-0.219359252668,2.86624193192,0.28493693135,-0.635068046185,-0.176407790607,2.28026244119,-0.743980682124,-1.57079632679,-0.104310693576,2.81425881386
2.012499,-0.39384956729,-0.584063184987,0.360485485153,2.15754397816,0.783097192216,-1.5704128316,-0.219742747865,2.86624193192,0.28493693135,-0.635068046185,-0.177558276198,2.28026244119,-0.743980682124,-1.57079632679,-0.103927198379,2.81425881386
2.022463,-0.394233062487,-0.585213670578,0.360485485153,2.15677698777,0.784247677806,-1.57079632679,-0.218975757471,2.86624193192,0.28493693135,-0.635835036579,-0.177174781001,2.28026244119,-0.74321369173,-1.57079632679,-0.103927198379,2.81425881386
2.032481,-0.394233062487,-0.584446680184,0.36086898035,2.15677698777,0.782713697019,-1.5696458412,-0.219359252668,2.86624193192,0.284553436153,-0.635068046185,-0.177174781001,2.28026244119,-0.743597186927,-1.57079632679,-0.104310693576,2.81425881386
2.042552,-0.39384956729,-0.584446680184,0.36086898035,2.15716048296,0.782713697019,-1.5704128316,-0.219742747865,2.86624193192,0.284553436153,-0.635451541382,-0.177941771395,2.2794954508,-0.74321369173,-1.57156331719,-0.104310693576,2.81425881386
2.052582,-0.393466072093,-0.584830175381,0.36086898035,2.15716048296,0.783480687412,-1.57079632679,-0.218975757471,2.86624193192,0.28493693135,-0.635451541382,-0.177174781001,2.28026244119,-0.743980682124,-1.57079632679,-0.103927198379,2.81425881386
2.062548,-0.39384956729,-0.584446680184,0.360485485153,2.15677698777,0.783097192216,-1.57079632679,-0.218975757471,2.86624193192,0.284169940956,-0.634301055791,-0.177558276198,2.28026244119,-0.74321369173,-1.57079632679,-0.104310693576,2.81425881386
2.072519,-0.39384956729,-0.585213670578,0.360101989956,2.15677698777,0.783097192216,-1.57079632679,-0.219359252668,2.86624193192,0.28493693135,-0.635068046185,-0.176791285804,2.2791119556,-0.744364177321,-1.57117982199,-0.103543703182,2.81425881386
2.082505,-0.394233062487,-0.585213670578,0.359334999562,2.15716048296,0.783097192216,-1.57079632679,-0.218208767077,2.86624193192,0.284553436153,-0.635451541382,-0.177941771395,2.2794954508,-0.743597186927,-1.57117982199,-0.10507768397,2.81425881386
2.092473,-0.39384956729,-0.584446680184,0.360101989956,2.15716048296,0.783480687412,-1.57079632679,-0.218975757471,2.86624193192,0.28493693135,-0.635451541382,-0.177558276198,2.28064593639,-0.743597186927,-1.57117982199,-0.104310693576,2.81425881386
2.102527,-0.394616557684,-0.584830175381,0.360101989956,2.15754397816,0.783480687412,-1.57079632679,-0.219359252668,2.86624193192,0.284553436153,-0.635068046185,-0.177558276198,2.28064593639,-0.744364177321,-1.57079632679,-0.104694188773,2.81425881386
2.112508,-0.39384956729,-0.584446680184,0.360101989956,2.15716048296,0.783097192216,-1.57079632679,-0.218975757471,2.86624193192,0.284553436153,-0.635451541382,-0.176407790607,2.2794954508,-0.743597186927,-1.5704128316,-0.103927198379,2.81425881386
2.122496,-0.394616557684,-0.584830175381,0.360485485153,2.15677698777,0.782713697019,-1.57079632679,-0.218592262274,2.86624193192,0.284553436153,-0.635451541382,-0.177941771395,2.27987894599,-0.742446701337,-1.5704128316,-0.102776712788,2.81425881386
2.132453,-0.394233062487,-0.584830175381,0.360101989956,2.15754397816,0.782713697019,-1.57079632679,-0.218975757471,2.86624193192,0.28493693135,-0.635451541382,-0.176791285804,2.2794954508,-0.743597186927,-1.57079632679,-0.104310693576,2.81425881386
2.142524,-0.394233062487,-0.585213670578,0.360101989956,2.15677698777,0.783097192216,-1.5704128316,-0.218592262274,2.86624193192,0.284553436153,-0.634684550988,-0.177558276198,2.27987894599,-0.743597186927,-1.5704128316,-0.103927198379,2.81425881386
2.152603,-0.39384956729,-0.585213670578,0.360485485153,2.15716048296,0.782713697019,-1.57117982199,-0.220126243062,2.86624193192,0.28493693135,-0.635068046185,-0.177174781001,2.2791119556,-0.743597186927,-1.57079632679,-0.103927198379,2.81425881386
2.162514,-0.39384956729,-0.584446680184,0.360485485153,2.15677698777,0.783864182609,-1.57156331719,-0.218208767077,2.86624193192,0.28493693135,-0.635068046185,-0.177174781001,2.27987894599,-0.742830196534,-1.57079632679,-0.103927198379,2.81425881386
2.172469,-0.39384956729,-0.584446680184,0.361252475547,2.15716048296,0.782713697019,-1.57079632679,-0.218208767077,2.86624193192,0.28493693135,-0.634684550988,-0.177558276198,2.28064593639,-0.743597186927,-1.5704128316,-0.104694188773,2.81425881386
2.182503,-0.393466072093,-0.584830175381,0.36086898035,2.15716048296,0.782713697019,-1.5704128316,-0.218592262274,2.86624193192,0.285320426547,-0.634684550988,-0.177941771395,2.28026244119,-0.742446701337,-1.5704128316,-0.103543703182,2.81425881386
2.192544,-0.393466072093,-0.584446680184,0.36086898035,2.15716048296,0.783097192216,-1.57156331719,-0.219359252668,2.86624193192,0.285320426547,-0.634301055791,-0.177174781001,2.2794954508,-0.743597186927,-1.5704128316,-0.103927198379,2.81425881386
2.202464,-0.39384956729,-0.585213670578,0.36086898035,2.15716048296,0.782713697019,-1.5704128316,-0.219359252668,2.86624193192,0.284553436153,-0.635451541382,-0.177941771395,2.27987894599,-0.743597186927,-1.57117982199,-0.103543703182,2.81425881386
2.212487,-0.393466072093,-0.585597165775,0.360101989956,2.15677698777,0.783097192216,-1.57079632679,-0.218592262274,2.86624193192,0.28493693135,-0.635451541382,-0.177174781001,2.28064593639,-0.74321369173,-1.5704128316,-0.103160207985,2.81425881386
2.222530,-0.39384956729,-0.584830175381,0.360101989956,2.15716048296,0.783097192216,-1.57117982199,-0.218208767077,2.86624193192,0.285320426547,-0.634301055791,-0.177174781001,2.28026244119,-0.743597186927,-1.57079632679,-0.103543703182,2.81425881386
2.232458,-0.39384956729,-0.585213670578,0.36086898035,2.15677698777,0.783480687412,-1.57079632679,-0.218975757471,2.86624193192,0.28493693135,-0.635451541382,-0.177174781001,2.27987894599,-0.74321369173,-1.57117982199,-0.103160207985,2.81425881386
2.242515,-0.393466072093,-0.585213670578,0.359334999562,2.15716048296,0.783097192216,-1.5704128316,-0.218592262274,2.86624193192,0.285320426547,-0.634684550988,-0.177558276198,2.27987894599,-0.74321369173,-1.57117982199,-0.103543703182,2.81425881386
2.252447,-0.394233062487,-0.584446680184,0.359334999562,2.15677698777,0.783097192216,-1.57117982199,-0.218975757471,2.86624193192,0.285320426547,-0.634684550988,-0.177174781001,2.27987894599,-0.743597186927,-1.5704128316,-0.103927198379,2.81425881386
2.262512,-0.393466072093,-0.585213670578,0.360101989956,2.15716048296,0.782330201822,-1.57079632679,-0.218208767077,2.86624193192,0.285703921744,-0.634684550988,-0.177174781001,2.28026244119,-0.743597186927,-1.57079632679,-0.103160207985,2.81425881386
2.272469,-0.393466072093,-0.584830175381,0.36086898035,2.15716048296,0.783097192216,-1.57117982199,-0.219742747865,2.86624193192,0.285320426547,-0.635451541382,-0.176407790607,2.28064593639,-0.74321369173,-1.57079632679,-0.103543703182,2.81425881386
2.282504,-0.393466072093,-0.584063184987,0.36086898035,2.15639349257,0.782330201822,-1.5704128316,-0.219742747865,2.86624193192,0.285703921744,-0.635068046185,-0.177174781001,2.28026244119,-0.743597186927,-1.57079632679,-0.103927198379,2.81425881386
2.292464,-0.39384956729,-0.584446680184,0.36086898035,2.15716048296,0.783097192216,-1.5704128316,-0.218208767077,2.86624193192,0.28493693135,-0.635451541382,-0.177174781001,2.27987894599,-0.74321369173,-1.57079632679,-0.104310693576,2.81425881386
2.302454,-0.394233062487,-0.584830175381,0.360485485153,2.15716048296,0.782713697019,-1.57079632679,-0.21782527188,2.86624193192,0.28493693135,-0.635068046185,-0.177174781001,2.2794954508,-0.743597186927,-1.57079632679,-0.103927198379,2.81425881386
2.312503,-0.394233062487,-0.584446680184,0.360485485153,2.15716048296,0.781946706625,-1.57079632679,-0.220126243062,2.86624193192,0.285320426547,-0.635451541382,-0.177941771395,2.27987894599,-0.743597186927,-1.57079632679,-0.103160207985,2.81425881386
2.322551,-0.394233062487,-0.585213670578,0.360485485153,2.15754397816,0.783097192216,-1.5704128316,-0.220126243062,2.86624193192,0.28493693135,-0.634684550988,-0.177558276198,2.2794954508,-0.743980682124,-1.57079632679,-0.103927198379,2.81425881386
2.332544,-0.39384956729,-0.584446680184,0.359718494759,2.15639349257,0.782713697019,-1.5704128316,-0.219742747865,2.86624193192,0.28493693135,-0.635451541382,-0.177174781001,2.2794954508,-0.743597186927,-1.57117982199,-0.102776712788,2.81425881386
2.342500,-0.394233062487,-0.585213670578,0.359718494759,2.15716048296,0.783097192216,-1.57079632679,-0.218975757471,2.86624193192,0.28493693135,-0.635835036579,-0.177174781001,2.28026244119,-0.74321369173,-1.57117982199,-0.103543703182,2.81425881386
2.352489,-0.393466072093,-0.584446680184,0.360101989956,2.15716048296,0.782713697019,-1.57079632679,-0.218975757471,2.86624193192,0.284553436153,-0.634684550988,-0.177174781001,2.28026244119,-0.743980682124,-1.57079632679,-0.103543703182,2.81425881386
2.362519,-0.394233062487,-0.584830175381,0.36086898035,2.15677698777,0.783097192216,-1.57079632679,-0.218208767077,2.86624193192,0.285703921744,-0.635068046185,-0.176791285804,2.27987894599,-0.744364177321,-1.57079632679,-0.103543703182,2.81425881386
2.372474,-0.393466072093,-0.584446680184,0.359718494759,2.15677698777,0.782713697019,-1.57079632679,-0.220126243062,2.86624193192,0.285320426547,-0.635068046185,-0.176407790607,2.28064593639,-0.744364177321,-1.57079632679,-0.103543703182,2.81425881386
2.382506,-0.393466072093,-0.584830175381,0.360101989956,2.15716048296,0.783480687412,-1.57079632679,-0.218592262274,2.86624193192,0.28493693135,-0.635451541382,-0.177558276198,2.28102943159,-0.743980682124,-1.57079632679,-0.104310693576,2.81425881386
2.392488,-0.39384956729,-0.585213670578,0.360485485153,2.15716048296,0.783097192216,-1.5700293364,-0.219359252668,2.86624193192,0.285320426547,-0.635068046185,-0.176791285804,2.28026244119,-0.744364177321,-1.57079632679,-0.103927198379,2.81425881386
2.402495,-0.394233062487,-0.584830175381,0.360485485153,2.15716048296,0.783097192216,-1.57117982199,-0.220126243062,2.86624193192,0.28493693135,-0.635451541382,-0.177558276198,2.2794954508,-0.743597186927,-1.57079632679,-0.104310693576,2.81425881386
2.412505,-0.39384956729,-0.584830175381,0.360485485153,2.15677698777,0.783097192216,-1.57079632679,-0.218592262274,2.86624193192,0.284553436153,-0.635451541382,-0.177558276198,2.2791119556,-0.744364177321,-1.57079632679,-0.104310693576,2.81425881386
2.422490,-0.39384956729,-0.584446680184,0.360101989956,2.15677698777,0.783864182609,-1.57156331719,-0.219359252668,2.86624193192,0.28493693135,-0.635451541382,-0.177174781001,2.27987894599,-0.743980682124,-1.57117982199,-0.104310693576,2.81425881386
2.432488,-0.394616557684,-0.584446680184,0.360485485153,2.15677698777,0.782713697019,-1.57079632679,-0.219359252668,2.86624193192,0.28493693135,-0.634684550988,-0.177558276198,2.27987894599,-0.743980682124,-1.57079632679,-0.104694188773,2.81425881386
2.442500,-0.39384956729,-0.584830175381,0.36086898035,2.15677698777,0.782713697019,-1.57079632679,-0.218208767077,2.86624193192,0.284553436153,-0.635068046185,-0.176791285804,2.27987894599,-0.743597186927,-1.57079632679,-0.104310693576,2.81425881386
2.452522,-0.39384956729,-0.585213670578,0.360485485153,2.15677698777,0.782330201822,-1.5700293364,-0.218592262274,2.86624193192,0.28493693135,-0.635451541382,-0.177558276198,2.2794954508,-0.743597186927,-1.57156331719,-0.103927198379,2.81425881386
2.462584,-0.394616557684,-0.585213670578,0.36086898035,2.15716048296,0.783097192216,-1.57117982199,-0.218975757471,2.86624193192,0.284553436153,-0.635068046185,-0.177558276198,2.27987894599,-0.743980682124,-1.57079632679,-0.103927198379,2.81425881386
2.472527,-0.394233062487,-0.584830175381,0.36086898035,2.15754397816,0.783480687412,-1.5700293364,-0.218592262274,2.86624193192,0.285320426547,-0.635068046185,-0.177174781001,2.27987894599,-0.743597186927,-1.5704128316,-0.103543703182,2.81425881386
2.482563,-0.393466072093,-0.584830175381,0.360485485153,2.15754397816,0.783480687412,-1.5700293364,-0.218975757471,2.86624193192,0.28493693135,-0.635068046185,-0.177941771395,2.28026244119,-0.744747672518,-1.57117982199,-0.103160207985,2.81425881386
2.492455,-0.393466072093,-0.585213670578,0.360485485153,2.15677698777,0.783097192216,-1.57156331719,-0.218592262274,2.86624193192,0.284553436153,-0.634684550988,-0.176791285804,2.27987894599,-0.743597186927,-1.57079632679,-0.104694188773,2.81425881386
2.502520,-0.394233062487,-0.585213670578,0.359718494759,2.15716048296,0.783097192216,-1.57079632679,-0.218975757471,2.86624193192,0.284553436153,-0.635068046185,-0.177558276198,2.28064593639,-0.743980682124,-1.57117982199,-0.103927198379,2.81425881386
2.512499,-0.39384956729,-0.584830175381,0.36086898035,2.15716048296,0.782713697019,-1.57079632679,-0.218208767077,2.86624193192,0.284553436153,-0.635068046185,-0.177558276198,2.28102943159,-0.744364177321,-1.57079632679,-0.104310693576,2.81425881386
2.522508,-0.394616557684,-0.585597165775,0.360101989956,2.15754397816,0.783480687412,-1.57079632679,-0.218975757471,2.86624193192,0.284553436153,-0.635068046185,-0.177174781001,2.28026244119,-0.743597186927,-1.57079632679,-0.103927198379,2.81425881386
2.532484,-0.39384956729,-0.584063184987,0.359718494759,2.15716048296,0.782713697019,-1.57079632679,-0.219359252668,2.86624193192,0.285320426547,-0.634684550988,-0.177174781001,2.27987894599,-0.743597186927,-1.5704128316,-0.103160207985,2.81425881386
2.542523,-0.394233062487,-0.585213670578,0.360485485153,2.15716048296,0.782713697019,-1.57117982199,-0.218592262274,2.86624193192,0.284553436153,-0.635068046185,-0.177941771395,2.2794954508,-0.742830196534,-1.57079632679,-0.103927198379,2.81425881386
2.552537,-0.394233062487,-0.584830175381,0.360485485153,2.15716048296,0.783480687412,-1.5704128316,-0.218592262274,2.86624193192,0.284553436153,-0.634684550988,-0.177174781001,2.28064593639,-0.743597186927,-1.57079632679,-0.104310693576,2.81425881386
2.562491,-0.39384956729,-0.584830175381,0.360101989956,2.15716048296,0.783097192216,-1.57079632679,-0.219359252668,2.86624193192,0.28493693135,-0.635068046185,-0.177174781001,2.2791119556,-0.744364177321,-1.5704128316,-0.104310693576,2.81425881386
2.572486,-0.393466072093,-0.584446680184,0.360101989956,2.15754397816,0.782713697019,-1.5696458412,-0.218592262274,2.86624193192,0.28493693135,-0.634684550988,-0.177558276198,2.28064593639,-0.743980682124,-1.57079632679,-0.104694188773,2.81425881386
2.582457,-0.39384956729,-0.585213670578,0.360485485153,2.15716048296,0.782713697019,-1.57079632679,-0.218208767077,2.86624193192,0.285703921744,-0.634684550988,-0.177174781001,2.28026244119,-0.743980682124,-1.57079632679,-0.103927198379,2.81425881386
2.592545,-0.394233062487,-0.584446680184,0.360485485153,2.15677698777,0.782713697019,-1.57079632679,-0.218975757471,2.86624193192,0.28493693135,-0.634684550988,-0.177558276198,2.28026244119,-0.743980682124,-1.5704128316,-0.104310693576,2.81425881386
2.602519,-0.39384956729,-0.585213670578,0.360101989956,2.15716048296,0.783097192216,-1.57117982199,-0.218592262274,2.86624193192,0.28493693135,-0.634684550988,-0.177174781001,2.27987894599,-0.743597186927,-1.5700293364,-0.104310693576,2.81425881386
2.612483,-0.39384956729,-0.584446680184,0.36086898035,2.15754397816,0.783864182609,-1.5704128316,-0.218592262274,2.86624193192,0.28493693135,-0.634684550988,-0.177558276198,2.2794954508,-0.74321369173,-1.57079632679,-0.103543703182,2.81425881386
2.622499,-0.394616557684,-0.585213670578,0.360485485153,2.15677698777,0.782330201822,-1.57117982199,-0.218592262274,2.86624193192,0.284553436153,-0.634684550988,-0.176791285804,2.28026244119,-0.744364177321,-1.57079632679,-0.103543703182,2.81425881386
2.632490,-0.393466072093,-0.584446680184,0.360101989956,2.15716048296,0.783097192216,-1.57079632679,-0.219359252668,2.86624193192,0.28493693135,-0.635451541382,-0.177174781001,2.27987894599,-0.742446701337,-1.57079632679,-0.103927198379,2.81425881386
2.642516,-0.39384956729,-0.585213670578,0.360485485153,2.15639349257,0.783097192216,-1.5704128316,-0.220126243062,2.86624193192,0.284553436153,-0.635068046185,-0.177174781001,2.2794954508,-0.743597186927,-1.57079632679,-0.103927198379,2.81425881386
2.652461,-0.393082576896,-0.584830175381,0.360485485153,2.15639349257,0.783097192216,-1.5700293364,-0.218592262274,2.86624193192,0.284553436153,-0.635451541382,-0.177558276198,2.27987894599,-0.74321369173,-1.57079632679,-0.103160207985,2.81425881386
2.662497,-0.393466072093,-0.584063184987,0.36086898035,2.15716048296,0.782713697019,-1.57079632679,-0.218208767077,2.86624193192,0.284553436153,-0.635451541382,-0.177558276198,2.28026244119,-0.744747672518,-1.57079632679,-0.103543703182,2.81425881386
2.672482,-0.393466072093,-0.585213670578,0.36086898035,2.15716048296,0.783097192216,-1.5704128316,-0.219359252668,2.86624193192,0.284553436153,-0.635068046185,-0.177558276198,2.28064593639,-0.743980682124,-1.57079632679,-0.103543703182,2.81425881386
2.682608,-0.393466072093,-0.584830175381,0.360485485153,2.15716048296,0.782713697019,-1.5704128316,-0.21782527188,2.86624193192,0.285320426547,-0.635068046185,-0.177174781001,2.28026244119,-0.743980682124,-1.57117982199,-0.104310693576,2.81425881386
2.692498,-0.394616557684,-0.584063184987,0.36086898035,2.15754397816,0.782713697019,-1.57079632679,-0.21782527188,2.86624193192,0.284553436153,-0.635451541382,-0.177941771395,2.28064593639,-0.742446701337,-1.5704128316,-0.103927198379,2.81425881386
2.702525,-0.393466072093,-0.584830175381,0.360485485153,2.15677698777,0.783097192216,-1.5700293364,-0.21782527188,2.86624193192,0.285320426547,-0.635451541382,-0.177174781001,2.28064593639,-0.743597186927,-1.57117982199,-0.103543703182,2.81425881386
2.712592,-0.39384956729,-0.585213670578,0.360485485153,2.15754397816,0.783097192216,-1.57117982199,-0.21782527188,2.86624193192,0.284553436153,-0.634684550988,-0.177558276198,2.28064593639,-0.743597186927,-1.57117982199,-0.104310693576,2.81425881386
2.722527,-0.394233062487,-0.584830175381,0.360101989956,2.15754397816,0.783097192216,-1.5704128316,-0.218208767077,2.86624193192,0.284553436153,-0.635068046185,-0.177558276198,2.28064593639,-0.744364177321,-1.57079632679,-0.104310693576,2.81425881386
2.732478,-0.393466072093,-0.584830175381,0.360485485153,2.15716048296,0.783097192216,-1.57117982199,-0.219359252668,2.86624193192,0.285320426547,-0.634301055791,-0.177174781001,2.27987894599,-0.743597186927,-1.57117982199,-0.103543703182,2.81425881386
2.742473,-0.394233062487,-0.585213670578,0.36086898035,2.15677698777,0.783480687412,-1.57079632679,-0.218975757471,2.86624193192,0.28493693135,-0.635835036579,-0.177558276198,2.2794954508,-0.743597186927,-1.57117982199,-0.103543703182,2.81425881386
2.752510,-0.39384956729,-0.584830175381,0.360485485153,2.15792747336,0.783097192216,-1.57079632679,-0.218975757471,2.86624193192,0.285320426547,-0.635068046185,-0.177558276198,2.28026244119,-0.744747672518,-1.5704128316,-0.103543703182,2.81425881386
2.762460,-0.393466072093,-0.584830175381,0.360485485153,2.15677698777,0.783097192216,-1.57079632679,-0.218975757471,2.86624193192,0.285320426547,-0.635068046185,-0.176791285804,2.28102943159,-0.743597186927,-1.5704128316,-0.103927198379,2.81425881386
2.772523,-0.393466072093,-0.584830175381,0.36086898035,2.15716048296,0.782330201822,-1.5704128316,-0.218208767077,2.86624193192,0.28493693135,-0.635068046185,-0.177558276198,2.28141292678,-0.743597186927,-1.5704128316,-0.104310693576,2.81425881386
2.782541,-0.393466072093,-0.585213670578,0.360101989956,2.15677698777,0.783097192216,-1.57079632679,-0.218975757471,2.86624193192,0.284553436153,-0.635068046185,-0.176791285804,2.28064593639,-0.742830196534,-1.5704128316,-0.103543703182,2.81425881386
2.792501,-0.394233062487,-0.584446680184,0.360485485153,2.15716048296,0.783097192216,-1.57117982199,-0.219359252668,2.86624193192,0.285320426547,-0.635068046185,-0.177941771395,2.28064593639,-0.744747672518,-1.57117982199,-0.103927198379,2.81425881386
2.802520,-0.394616557684,-0.584446680184,0.360101989956,2.15677698777,0.782713697019,-1.57079632679,-0.21782527188,2.86624193192,0.284553436153,-0.634684550988,-0.177174781001,2.28102943159,-0.744364177321,-1.57079632679,-0.103927198379,2.81425881386
2.812468,-0.39384956729,-0.584446680184,0.36086898035,2.15716048296,0.783097192216,-1.57079632679,-0.219359252668,2.86624193192,0.284553436153,-0.635068046185,-0.177941771395,2.28026244119,-0.744364177321,-1.57079632679,-0.104310693576,2.81425881386
2.822518,-0.393466072093,-0.584830175381,0.360485485153,2.15716048296,0.783097192216,-1.57079632679,-0.219742747865,2.86624193192,0.28493693135,-0.635068046185,-0.177174781001,2.27987894599,-0.743597186927,-1.5704128316,-0.103160207985,2.81425881386
2.832466,-0.39384956729,-0.585213670578,0.360485485153,2.15754397816,0.783097192216,-1.5704128316,-0.219359252668,2.86624193192,0.28493693135,-0.634684550988,-0.177174781001,2.28026244119,-0.74321369173,-1.57079632679,-0.103543703182,2.81425881386
2.842474,-0.393466072093,-0.585597165775,0.36086898035,2.15754397816,0.783480687412,-1.5704128316,-0.218592262274,2.86624193192,0.28493693135,-0.635068046185,-0.177174781001,2.27987894599,-0.74321369173,-1.57117982199,-0.103927198379,2.81425881386
2.852466,-0.393466072093,-0.584063184987,0.359718494759,2.15716048296,0.783097192216,-1.57117982199,-0.218208767077,2.86624193192,0.28493693135,-0.635451541382,-0.178325266592,2.28026244119,-0.743597186927,-1.57079632679,-0.104694188773,2.81425881386
2.862525,-0.39384956729,-0.584830175381,0.360485485153,2.15716048296,0.783097192216,-1.57079632679,-0.219359252668,2.86624193192,0.284553436153,-0.635451541382,-0.177174781001,2.2791119556,-0.743597186927,-1.57079632679,-0.103543703182,2.81425881386
2.872476,-0.39384956729,-0.584830175381,0.360101989956,2.15716048296,0.782713697019,-1.57156331719,-0.219359252668,2.86624193192,0.28493693135,-0.635068046185,-0.177558276198,2.2794954508,-0.743597186927,-1.57079632679,-0.103543703182,2.81425881386
2.882477,-0.39384956729,-0.585213670578,0.36086898035,2.15754397816,0.782713697019,-1.57117982199,-0.218592262274,2.86624193192,0.284553436153,-0.635068046185,-0.176407790607,2.28102943159,-0.743597186927,-1.57079632679,-0.103543703182,2.81425881386
2.892475,-0.39384956729,-0.584830175381,0.360485485153,2.15716048296,0.783480687412,-1.57117982199,-0.218592262274,2.86624193192,0.284553436153,-0.634684550988,-0.177174781001,2.28064593639,-0.742446701337,-1.57079632679,-0.103927198379,2.81425881386
2.902472,-0.39384956729,-0.585213670578,0.360485485153,2.15716048296,0.782713697019,-1.57117982199,-0.220126243062,2.86624193192,0.284553436153,-0.634684550988,-0.177558276198,2.27987894599,-0.744364177321,-1.57079632679,-0.103160207985,2.81425881386
2.912483,-0.393466072093,-0.584830175381,0.36086898035,2.15716048296,0.783480687412,-1.57117982199,-0.219742747865,2.86624193192,0.28493693135,-0.635451541382,-0.177174781001,2.28064593639,-0.74321369173,-1.57079632679,-0.104310693576,2.81425881386
2.922470,-0.39384956729,-0.584446680184,0.36086898035,2.15754397816,0.783864182609,-1.5704128316,-0.219359252668,2.86624193192,0.28493693135,-0.634684550988,-0.176791285804,2.28026244119,-0.743597186927,-1.57117982199,-0.103927198379,2.81425881386
2.932465,-0.393082576896,-0.584063184987,0.36086898035,2.15754397816,0.783097192216,-1.5704128316,-0.218975757471,2.86624193192,0.284553436153,-0.635068046185,-0.177174781001,2.2794954508,-0.743597186927,-1.57079632679,-0.104310693576,2.81425881386
2.942516,-0.393466072093,-0.585213670578,0.360485485153,2.15754397816,0.783097192216,-1.5704128316,-0.218975757471,2.86624193192,0.285320426547,-0.635068046185,-0.177174781001,2.28102943159,-0.743980682124,-1.57079632679,-0.103543703182,2.81425881386
2.952506,-0.393466072093,-0.585213670578,0.360485485153,2.15677698777,0.783097192216,-1.57079632679,-0.218208767077,2.86624193192,0.28493693135,-0.635451541382,-0.176791285804,2.27987894599,-0.743597186927,-1.57117982199,-0.104310693576,2.81425881386
2.962539,-0.394233062487,-0.585213670578,0.360485485153,2.15677698777,0.783097192216,-1.5704128316,-0.218592262274,2.86624193192,0.28493693135,-0.634684550988,-0.177174781001,2.28026244119,-0.743597186927,-1.57079632679,-0.103160207985,2.81425881386
2.972467,-0.394233062487,-0.584830175381,0.36086898035,2.15754397816,0.783097192216,-1.57079632679,-0.218208767077,2.86624193192,0.28493693135,-0.635451541382,-0.177174781001,2.28026244119,-0.74321369173,-1.57079632679,-0.104310693576,2.81425881386
2.982546,-0.393466072093,-0.584830175381,0.36086898035,2.15792747336,0.783097192216,-1.5704128316,-0.219742747865,2.86624193192,0.28493693135,-0.634684550988,-0.177558276198,2.27987894599,-0.74321369173,-1.57079632679,-0.104310693576,2.81425881386
2.992510,-0.394233062487,-0.584446680184,0.36086898035,2.15716048296,0.783864182609,-1.57117982199,-0.218975757471,2.86624193192,0.28493693135,-0.635068046185,-0.177174781001,2.28026244119,-0.743597186927,-1.57117982199,-0.103160207985,2.81425881386
3.002479,-0.393466072093,-0.585213670578,0.36086898035,2.15754397816,0.783480687412,-1.57117982199,-0.219359252668,2.86624193192,0.284169940956,-0.635451541382,-0.177558276198,2.28064593639,-0.743980682124,-1.57079632679,-0.103160207985,2.81425881386
3.012493,-0.39384956729,-0.584830175381,0.36086898035,2.15716048296,0.783480687412,-1.5704128316,-0.219359252668,2.86624193192,0.28493693135,-0.634684550988,-0.177558276198,2.28026244119,-0.743980682124,-1.57079632679,-0.103543703182,2.81425881386
3.022631,-0.393466072093,-0.584830175381,0.360485485153,2.15677698777,0.782330201822,-1.57079632679,-0.218592262274,2.86624193192,0.284553436153,-0.635068046185,-0.176791285804,2.28102943159,-0.743597186927,-1.57117982199,-0.104694188773,2.81425881386
3.032468,-0.393466072093,-0.584830175381,0.360485485153,2.15677698777,0.782330201822,-1.5704128316,-0.218208767077,2.86624193192,0.284553436153,-0.634684550988,-0.177174781001,2.28026244119,-0.743597186927,-1.5704128316,-0.103927198379,2.81425881386
3.042469,-0.39384956729,-0.584063184987,0.360101989956,2.15677698777,0.783097192216,-1.5704128316,-0.218208767077,2.86624193192,0.28493693135,-0.635068046185,-0.177174781001,2.28064593639,-0.743597186927,-1.57117982199,-0.103927198379,2.81425881386
3.052461,-0.39384956729,-0.585213670578,0.359718494759,2.15754397816,0.783480687412,-1.5704128316,-0.218592262274,2.86624193192,0.285703921744,-0.635451541382,-0.177558276198,2.27987894599,-0.743980682124,-1.57079632679,-0.103160207985,2.81425881386
3.062546,-0.39384956729,-0.584830175381,0.359718494759,2.15716048296,0.783097192216,-1.57079632679,-0.218208767077,2.86624193192,0.284553436153,-0.635068046185,-0.177174781001,2.27987894599,-0.744364177321,-1.5704128316,-0.103160207985,2.81425881386
3.072468,-0.39384956729,-0.584063184987,0.36086898035,2.15716048296,0.783097192216,-1.57079632679,-0.219359252668,2.86624193192,0.28493693135,-0.635068046185,-0.176791285804,2.28064593639,-0.743980682124,-1.57117982199,-0.104310693576,2.81425881386
3.082515,-0.394233062487,-0.584830175381,0.360101989956,2.15754397816,0.783097192216,-1.57079632679,-0.219359252668,2.86624193192,0.28493693135,-0.635451541382,-0.177174781001,2.28026244119,-0.743597186927,-1.57079632679,-0.103927198379,2.81425881386
3.092472,-0.394233062487,-0.584830175381,0.360101989956,2.15716048296,0.782713697019,-1.57079632679,-0.219359252668,2.86624193192,0.285320426547,-0.635068046185,-0.177174781001,2.28064593639,-0.742446701337,-1.57079632679,-0.103927198379,2.81425881386
3.102475,-0.39384956729,-0.584446680184,0.361252475547,2.15716048296,0.782713697019,-1.57117982199,-0.218975757471,2.86624193192,0.284553436153,-0.634684550988,-0.177941771395,2.27987894599,-0.743597186927,-1.57117982199,-0.102776712788,2.81425881386
3.112480,-0.39384956729,-0.584446680184,0.360101989956,2.15677698777,0.783097192216,-1.5704128316,-0.220126243062,2.86624193192,0.28493693135,-0.635451541382,-0.177558276198,2.28064593639,-0.744364177321,-1.57079632679,-0.103543703182,2.81425881386
3.122495,-0.39384956729,-0.584830175381,0.359718494759,2.15716048296,0.782713697019,-1.57117982199,-0.218975757471,2.86624193192,0.285320426547,-0.634684550988,-0.176791285804,2.27987894599,-0.743597186927,-1.57079632679,-0.103160207985,2.81425881386
3.132485,-0.39384956729,-0.585213670578,0.36086898035,2.15716048296,0.783097192216,-1.5700293364,-0.217441776683,2.86624193192,0.285320426547,-0.634684550988,-0.177558276198,2.28102943159,-0.742830196534,-1.57117982199,-0.104694188773,2.81425881386
3.142478,-0.394233062487,-0.585213670578,0.36086898035,2.15716048296,0.782713697019,-1.57079632679,-0.218975757471,2.86624193192,0.284553436153,-0.634684550988,-0.177558276198,2.2794954508,-0.74321369173,-1.57117982199,-0.104694188773,2.81425881386
3.152497,-0.394233062487,-0.585597165775,0.360101989956,2.15677698777,0.783097192216,-1.57079632679,-0.218975757471,2.86624193192,0.284553436153,-0.634684550988,-0.177558276198,2.28026244119,-0.744364177321,-1.57079632679,-0.103927198379,2.81425881386
3.162529,-0.394233062487,-0.585597165775,0.360485485153,2.15677698777,0.783097192216,-1.5704128316,-0.218975757471,2.86624193192,0.284553436153,-0.635068046185,-0.177174781001,2.28026244119,-0.743980682124,-1.57117982199,-0.104310693576,2.81425881386
3.172502,-0.393466072093,-0.584446680184,0.360485485153,2.15716048296,0.782713697019,-1.57117982199,-0.218975757471,2.86624193192,0.28493693135,-0.634684550988,-0.177558276198,2.27987894599,-0.745131167715,-1.57079632679,-0.103160207985,2.81425881386
3.182513,-0.393466072093,-0.584063184987,0.360485485153,2.15716048296,0.782713697019,-1.57079632679,-0.218975757471,2.86624193192,0.28493693135,-0.634684550988,-0.177558276198,2.28064593639,-0.743980682124,-1.57117982199,-0.103927198379,2.81425881386
3.192511,-0.393466072093,-0.585213670578,0.36086898035,2.15754397816,0.783480687412,-1.57079632679,-0.218975757471,2.86624193192,0.28493693135,-0.635451541382,-0.176791285804,2.28026244119,-0.742830196534,-1.57079632679,-0.104310693576,2.81425881386
3.202470,-0.393466072093,-0.584446680184,0.360485485153,2.15716048296,0.783097192216,-1.57079632679,-0.219359252668,2.86624193192,0.28493693135,-0.634684550988,-0.177174781001,2.2794954508,-0.743597186927,-1.57079632679,-0.103927198379,2.81425881386
3.212486,-0.39384956729,-0.584830175381,0.360101989956,2.15716048296,0.782713697019,-1.5704128316,-0.218592262274,2.86624193192,0.28493693135,-0.635068046185,-0.177174781001,2.28102943159,-0.742830196534,-1.57079632679,-0.104310693576,2.81425881386
3.222647,-0.39384956729,-0.584446680184,0.36086898035,2.15716048296,0.783097192216,-1.57079632679,-0.219359252668,2.86624193192,0.285320426547,-0.634684550988,-0.177558276198,2.28064593639,-0.743980682124,-1.57117982199,-0.104694188773,2.81425881386
3.232514,-0.394233062487,-0.584446680184,0.361252475547,2.15677698777,0.783097192216,-1.57117982199,-0.218975757471,2.86624193192,0.28493693135,-0.635835036579,-0.177174781001,2.28064593639,-0.742830196534,-1.57079632679,-0.103543703182,2.81425881386
3.242471,-0.393082576896,-0.584830175381,0.360485485153,2.15677698777,0.783097192216,-1.57156331719,-0.218208767077,2.86624193192,0.28493693135,-0.634684550988,-0.177558276198,2.27987894599,-0.74321369173,-1.5704128316,-0.104310693576,2.81425881386
3.252456,-0.393082576896,-0.585213670578,0.360101989956,2.15716048296,0.782713697019,-1.57079632679,-0.218592262274,2.86624193192,0.285320426547,-0.635068046185,-0.177174781001,2.27987894599,-0.74321369173,-1.57117982199,-0.103927198379,2.81425881386
3.262463,-0.39384956729,-0.584830175381,0.361252475547,2.15677698777,0.783097192216,-1.57079632679,-0.219742747865,2.86624193192,0.285320426547,-0.635068046185,-0.176791285804,2.28064593639,-0.743980682124,-1.57079632679,-0.103927198379,2.81425881386
3.272579,-0.39384956729,-0.584446680184,0.36086898035,2.15754397816,0.782713697019,-1.57117982199,-0.220126243062,2.86624193192,0.28493693135,-0.635451541382,-0.176407790607,2.28064593639,-0.743597186927,-1.57117982199,-0.103927198379,2.81425881386
3.282567,-0.394233062487,-0.585213670578,0.36086898035,2.15716048296,0.783097192216,-1.5696458412,-0.21782527188,2.86624193192,0.285320426547,-0.635068046185,-0.177174781001,2.28064593639,-0.743980682124,-1.57079632679,-0.103927198379,2.81425881386
3.292474,-0.393466072093,-0.584063184987,0.360485485153,2.15677698777,0.782713697019,-1.57079632679,-0.218592262274,2.86624193192,0.28493693135,-0.635068046185,-0.176791285804,2.28026244119,-0.743597186927,-1.5704128316,-0.103927198379,2.81425881386
3.302478,-0.394233062487,-0.584063184987,0.36086898035,2.15677698777,0.783097192216,-1.57079632679,-0.218592262274,2.86624193192,0.28493693135,-0.634684550988,-0.177174781001,2.28026244119,-0.74321369173,-1.5704128316,-0.103927198379,2.81425881386
3.312478,-0.39384956729,-0.585597165775,0.360485485153,2.15754397816,0.783864182609,-1.5704128316,-0.218592262274,2.86624193192,0.284553436153,-0.635068046185,-0.177174781001,2.28064593639,-0.742830196534,-1.57079632679,-0.104310693576,2.81425881386
3.322519,-0.39384956729,-0.584830175381,0.359718494759,2.15754397816,0.782713697019,-1.57117982199,-0.219359252668,2.86624193192,0.28493693135,-0.635068046185,-0.176791285804,2.28026244119,-0.743980682124,-1.57117982199,-0.103543703182,2.81425881386
3.332528,-0.393466072093,-0.584830175381,0.361252475547,2.15677698777,0.783097192216,-1.5704128316,-0.218592262274,2.86624193192,0.284553436153,-0.635068046185,-0.177941771395,2.28102943159,-0.743980682124,-1.57079632679,-0.103543703182,2.81425881386
3.342474,-0.393082576896,-0.584446680184,0.361252475547,2.15754397816,0.782713697019,-1.57079632679,-0.219359252668,2.86624193192,0.284553436153,-0.635068046185,-0.177558276198,2.28102943159,-0.74321369173,-1.57079632679,-0.103927198379,2.81425881386
3.352762,-0.394233062487,-0.585213670578,0.360485485153,2.15754397816,0.783097192216,-1.5704128316,-0.219359252668,2.86624193192,0.285320426547,-0.634684550988,-0.177174781001,2.28064593639,-0.74321369173,-1.57079632679,-0.103160207985,2.81425881386
3.362522,-0.394233062487,-0.584830175381,0.360485485153,2.15677698777,0.783097192216,-1.57156331719,-0.219742747865,2.86624193192,0.284553436153,-0.635068046185,-0.177174781001,2.28064593639,-0.742830196534,-1.5704128316,-0.103927198379,2.81425881386
3.372524,-0.393466072093,-0.585213670578,0.36086898035,2.15716048296,0.783480687412,-1.57079632679,-0.219742747865,2.86624193192,0.285320426547,-0.635068046185,-0.177174781001,2.28064593639,-0.743597186927,-1.5700293364,-0.103927198379,2.81425881386
3.382461,-0.394616557684,-0.585597165775,0.360485485153,2.15716048296,0.783480687412,-1.57079632679,-0.218975757471,2.86624193192,0.28493693135,-0.635451541382,-0.176791285804,2.28064593639,-0.743980682124,-1.57079632679,-0.103543703182,2.81425881386
3.392464,-0.39384956729,-0.585213670578,0.360485485153,2.15716048296,0.783480687412,-1.5704128316,-0.219742747865,2.86624193192,0.28493693135,-0.635835036579,-0.177558276198,2.28064593639,-0.743597186927,-1.57117982199,-0.103927198379,2.81425881386
3.402506,-0.39384956729,-0.585213670578,0.361252475547,2.15716048296,0.782330201822,-1.57079632679,-0.219359252668,2.86624193192,0.285320426547,-0.635835036579,-0.177174781001,2.28026244119,-0.743980682124,-1.57117982199,-0.103543703182,2.81425881386
3.412478,-0.393466072093,-0.584063184987,0.360485485153,2.15677698777,0.783097192216,-1.57079632679,-0.218592262274,2.86624193192,0.28493693135,-0.635451541382,-0.176791285804,2.28026244119,-0.743597186927,-1.57079632679,-0.103543703182,2.81425881386
3.422494,-0.393466072093,-0.585213670578,0.360101989956,2.15716048296,0.783480687412,-1.57117982199,-0.219359252668,2.86624193192,0.28493693135,-0.635068046185,-0.177941771395,2.28064593639,-0.743980682124,-1.57117982199,-0.103927198379,2.81425881386
3.432474,-0.393082576896,-0.585213670578,0.360101989956,2.15754397816,0.783097192216,-1.57079632679,-0.219359252668,2.86624193192,0.284553436153,-0.634684550988,-0.177558276198,2.28102943159,-0.743980682124,-1.57079632679,-0.104694188773,2.81425881386
3.442526,-0.39384956729,-0.584063184987,0.36086898035,2.15716048296,0.783097192216,-1.5700293364,-0.218975757471,2.86624193192,0.285320426547,-0.634684550988,-0.176407790607,2.28026244119,-0.743597186927,-1.57079632679,-0.103927198379,2.81425881386
3.452511,-0.393466072093,-0.585213670578,0.36086898035,2.15677698777,0.783097192216,-1.57079632679,-0.218592262274,2.86624193192,0.28493693135,-0.635451541382,-0.177174781001,2.28102943159,-0.743980682124,-1.57079632679,-0.103543703182,2.81425881386
3.462469,-0.39384956729,-0.584830175381,0.360485485153,2.15754397816,0.783097192216,-1.5704128316,-0.219359252668,2.86624193192,0.285320426547,-0.635451541382,-0.176791285804,2.28026244119,-0.743980682124,-1.5704128316,-0.103927198379,2.81425881386
3.472573,-0.393466072093,-0.585213670578,0.360485485153,2.15754397816,0.783480687412,-1.57117982199,-0.218592262274,2.86624193192,0.28493693135,-0.635451541382,-0.177174781001,2.28064593639,-0.742830196534,-1.57079632679,-0.104310693576,2.81425881386
3.482479,-0.393466072093,-0.584446680184,0.360101989956,2.15677698777,0.783097192216,-1.57156331719,-0.218592262274,2.86624193192,0.284553436153,-0.634684550988,-0.177558276198,2.28026244119,-0.743597186927,-1.57079632679,-0.103927198379,2.81425881386
3.492465,-0.39384956729,-0.584446680184,0.36086898035,2.15716048296,0.783480687412,-1.57079632679,-0.218592262274,2.86624193192,0.284553436153,-0.635068046185,-0.177174781001,2.28064593639,-0.743980682124,-1.57117982199,-0.103927198379,2.81425881386
3.502471,-0.393466072093,-0.584063184987,0.36086898035,2.15716048296,0.782713697019,-1.57079632679,-0.219742747865,2.86624193192,0.284169940956,-0.634684550988,-0.177174781001,2.28064593639,-0.743597186927,-1.57156331719,-0.103543703182,2.81425881386
3.512484,-0.39384956729,-0.584063184987,0.360485485153,2.15677698777,0.783097192216,-1.57079632679,-0.219742747865,2.86624193192,0.28493693135,-0.635451541382,-0.176407790607,2.27987894599,-0.743597186927,-1.57079632679,-0.103543703182,2.81425881386
3.522509,-0.39384956729,-0.584830175381,0.36086898035,2.15754397816,0.783480687412,-1.5704128316,-0.219359252668,2.86624193192,0.28493693135,-0.634301055791,-0.176791285804,2.28064593639,-0.743597186927,-1.57079632679,-0.103927198379,2.81425881386
3.532527,-0.392699081699,-0.585597165775,0.360485485153,2.15716048296,0.782713697019,-1.5704128316,-0.218975757471,2.86624193192,0.28493693135,-0.635068046185,-0.177558276198,2.28064593639,-0.744364177321,-1.57079632679,-0.103543703182,2.81425881386
3.542488,-0.39384956729,-0.585980660972,0.359334999562,2.15716048296,0.783097192216,-1.57156331719,-0.218592262274,2.86624193192,0.28493693135,-0.634301055791,-0.176407790607,2.28026244119,-0.743980682124,-1.57117982199,-0.103927198379,2.81425881386
3.552471,-0.39384956729,-0.584446680184,0.360485485153,2.15716048296,0.782713697019,-1.57079632679,-0.219742747865,2.86624193192,0.284169940956,-0.634684550988,-0.177174781001,2.28064593639,-0.742830196534,-1.57079632679,-0.103543703182,2.81425881386
3.562511,-0.394233062487,-0.585213670578,0.361252475547,2.15677698777,0.782713697019,-1.57079632679,-0.218592262274,2.86624193192,0.284553436153,-0.635068046185,-0.176791285804,2.28064593639,-0.743980682124,-1.57079632679,-0.103927198379,2.81425881386
3.572507,-0.39384956729,-0.585213670578,0.360485485153,2.15754397816,0.782713697019,-1.57117982199,-0.218592262274,2.86624193192,0.28493693135,-0.635068046185,-0.176791285804,2.27987894599,-0.743980682124,-1.57079632679,-0.103927198379,2.81425881386
3.582482,-0.393466072093,-0.584063184987,0.360485485153,2.15754397816,0.783097192216,-1.57156331719,-0.218208767077,2.86624193192,0.28493693135,-0.635068046185,-0.176791285804,2.28064593639,-0.74321369173,-1.5704128316,-0.102776712788,2.81425881386
3.592509,-0.39384956729,-0.584830175381,0.360485485153,2.15716048296,0.783480687412,-1.57079632679,-0.218975757471,2.86624193192,0.28493693135,-0.635068046185,-0.177174781001,2.28064593639,-0.743597186927,-1.57079632679,-0.103927198379,2.81425881386
3.602481,-0.393466072093,-0.584830175381,0.360485485153,2.15716048296,0.782713697019,-1.57117982199,-0.219359252668,2.86624193192,0.28493693135,-0.635068046185,-0.177558276198,2.28064593639,-0.744364177321,-1.5704128316,-0.103927198379,2.81425881386
3.612516,-0.39384956729,-0.585597165775,0.360485485153,2.15716048296,0.782713697019,-1.57117982199,-0.219359252668,2.86624193192,0.284553436153,-0.635451541382,-0.176791285804,2.28102943159,-0.74321369173,-1.57117982199,-0.103543703182,2.81425881386
3.622514,-0.39384956729,-0.584830175381,0.359718494759,2.15639349257,0.783480687412,-1.57117982199,-0.219359252668,2.86624193192,0.285320426547,-0.635068046185,-0.17602429541,2.28064593639,-0.743597186927,-1.57156331719,-0.104694188773,2.81425881386
3.632473,-0.39384956729,-0.584446680184,0.36086898035,2.15677698777,0.783097192216,-1.57117982199,-0.218975757471,2.86624193192,0.284553436153,-0.634301055791,-0.177174781001,2.28064593639,-0.74321369173,-1.57117982199,-0.103927198379,2.81425881386
3.642518,-0.394616557684,-0.584446680184,0.360485485153,2.15754397816,0.782330201822,-1.57156331719,-0.220126243062,2.86624193192,0.28493693135,-0.635068046185,-0.177941771395,2.28026244119,-0.74321369173,-1.57079632679,-0.104310693576,2.81425881386
3.652502,-0.394233062487,-0.585213670578,0.360101989956,2.15754397816,0.782330201822,-1.5704128316,-0.218592262274,2.86624193192,0.28493693135,-0.635451541382,-0.17602429541,2.28064593639,-0.743597186927,-1.57079632679,-0.103927198379,2.81425881386
3.662454,-0.39384956729,-0.584830175381,0.360485485153,2.15792747336,0.783480687412,-1.57079632679,-0.220126243062,2.86624193192,0.285320426547,-0.635068046185,-0.177174781001,2.28102943159,-0.744364177321,-1.57079632679,-0.103160207985,2.81425881386
3.672486,-0.394233062487,-0.585597165775,0.36086898035,2.15677698777,0.783480687412,-1.57079632679,-0.218975757471,2.86624193192,0.28493693135,-0.635068046185,-0.176407790607,2.28064593639,-0.743597186927,-1.57079632679,-0.103543703182,2.81425881386
3.682479,-0.394233062487,-0.584830175381,0.360485485153,2.15639349257,0.783097192216,-1.5700293364,-0.219359252668,2.86624193192,0.28493693135,-0.635451541382,-0.177174781001,2.28102943159,-0.743597186927,-1.5704128316,-0.104310693576,2.81425881386
3.692474,-0.393466072093,-0.585213670578,0.36086898035,2.15677698777,0.782713697019,-1.5704128316,-0.219359252668,2.86624193192,0.284553436153,-0.635068046185,-0.177174781001,2.28102943159,-0.743980682124,-1.57117982199,-0.103160207985,2.81425881386
3.702504,-0.39384956729,-0.584830175381,0.360485485153,2.15677698777,0.782330201822,-1.5704128316,-0.218592262274,2.86624193192,0.285320426547,-0.634684550988,-0.176791285804,2.28064593639,-0.743597186927,-1.57079632679,-0.103160207985,2.81425881386
3.712502,-0.393466072093,-0.584446680184,0.36086898035,2.15754397816,0.783097192216,-1.57079632679,-0.219359252668,2.86624193192,0.28493693135,-0.635068046185,-0.176791285804,2.28102943159,-0.743597186927,-1.5700293364,-0.103543703182,2.81425881386
3.722484,-0.393466072093,-0.584830175381,0.36086898035,2.15754397816,0.783097192216,-1.5704128316,-0.218975757471,2.86624193192,0.284553436153,-0.634684550988,-0.176791285804,2.28102943159,-0.743597186927,-1.5704128316,-0.104310693576,2.81425881386
3.732486,-0.39384956729,-0.584446680184,0.36086898035,2.15716048296,0.782713697019,-1.57117982199,-0.218975757471,2.86624193192,0.28493693135,-0.635451541382,-0.176791285804,2.28102943159,-0.743980682124,-1.57079632679,-0.103543703182,2.81425881386
3.742520,-0.394233062487,-0.584830175381,0.360485485153,2.15716048296,0.782713697019,-1.5704128316,-0.218208767077,2.86624193192,0.28493693135,-0.635068046185,-0.176407790607,2.28026244119,-0.743980682124,-1.57079632679,-0.104310693576,2.81425881386
3.752512,-0.39384956729,-0.584446680184,0.360485485153,2.15716048296,0.783097192216,-1.5704128316,-0.218975757471,2.86624193192,0.284553436153,-0.635068046185,-0.176791285804,2.27987894599,-0.743980682124,-1.5704128316,-0.103160207985,2.81425881386
3.762486,-0.39384956729,-0.584830175381,0.360101989956,2.15754397816,0.783480687412,-1.5700293364,-0.218975757471,2.86624193192,0.285320426547,-0.635451541382,-0.176791285804,2.28102943159,-0.74321369173,-1.5704128316,-0.104310693576,2.81425881386
3.772491,-0.393466072093,-0.584063184987,0.36086898035,2.15677698777,0.783097192216,-1.57156331719,-0.219742747865,2.86624193192,0.28493693135,-0.634684550988,-0.17602429541,2.28102943159,-0.743597186927,-1.57117982199,-0.103543703182,2.81425881386
3.782483,-0.394233062487,-0.585597165775,0.360485485153,2.15677698777,0.783097192216,-1.57079632679,-0.219359252668,2.86624193192,0.285320426547,-0.635068046185,-0.177174781001,2.28026244119,-0.744747672518,-1.57117982199,-0.103543703182,2.81425881386
3.792460,-0.394233062487,-0.584830175381,0.360485485153,2.15677698777,0.782713697019,-1.57117982199,-0.218592262274,2.86624193192,0.285320426547,-0.635451541382,-0.176407790607,2.28026244119,-0.74321369173,-1.57117982199,-0.104310693576,2.81425881386
3.802423,-0.39384956729,-0.586364156169,0.360485485153,2.15754397816,0.782330201822,-1.57079632679,-0.220126243062,2.86624193192,0.285320426547,-0.635451541382,-0.177558276198,2.27987894599,-0.743597186927,-1.5704128316,-0.103927198379,2.81425881386
3.812476,-0.394616557684,-0.584830175381,0.360485485153,2.15754397816,0.783480687412,-1.57079632679,-0.219359252668,2.86624193192,0.284553436153,-0.635068046185,-0.177174781001,2.28064593639,-0.744364177321,-1.57117982199,-0.103543703182,2.81425881386
3.822565,-0.393466072093,-0.585213670578,0.36086898035,2.15716048296,0.783864182609,-1.5704128316,-0.219359252668,2.86624193192,0.284553436153,-0.635068046185,-0.176791285804,2.28141292678,-0.743597186927,-1.5704128316,-0.103543703182,2.81425881386
3.832542,-0.39384956729,-0.584063184987,0.36086898035,2.15716048296,0.783480687412,-1.5700293364,-0.219359252668,2.86624193192,0.28493693135,-0.634301055791,-0.176791285804,2.28026244119,-0.743597186927,-1.5704128316,-0.104694188773,2.81425881386
